1 1 11
2 1 10
1 1 10
1 0 10
1 1 12
1 0 11
2 0 11
2 0 10
1 0 12
2 1 12
2 0 12
1 2 11
2 2 10
1 2 10
1 2 12
2 2 12
1 3 11
2 3 10
1 3 10
1 3 12
2 3 12
1 4 11
2 4 10
1 4 10
1 4 12
2 4 12
1 5 11
2 5 10
1 5 10
1 5 12
2 5 12
1 6 11
2 6 10
1 6 10
2 6 11
1 6 12
2 6 12
3 1 10
3 0 11
3 0 10
3 1 12
3 0 12
3 2 10
3 2 11
3 2 12
3 3 10
3 3 11
3 3 12
3 4 10
3 4 11
3 4 12
3 5 10
3 5 12
3 6 10
3 6 11
3 6 12
4 1 10
4 0 11
4 0 10
4 1 12
4 0 12
4 2 10
4 2 11
4 2 12
4 4 10
4 4 11
4 4 12
4 5 10
4 5 12
4 6 10
4 6 11
4 6 12
5 1 10
5 0 11
5 0 10
5 1 12
5 0 12
5 2 10
5 2 11
5 2 12
5 5 10
5 4 11
5 4 10
5 5 12
5 4 12
5 6 10
5 6 11
5 6 12
6 1 10
6 0 11
6 0 10
6 1 12
6 0 12
6 2 10
6 2 11
6 2 12
6 3 11
6 3 10
6 3 12
6 5 10
6 4 11
6 4 10
6 5 12
6 4 12
6 6 10
6 6 11
6 6 12
7 1 10
7 0 11
7 0 10
7 1 12
7 0 12
7 2 10
7 2 12
7 3 10
7 3 12
7 4 10
7 4 12
7 5 10
7 5 12
7 6 10
7 6 11
7 6 12
8 1 10
8 1 11
8 0 10
8 0 11
8 1 12
8 0 12
8 2 10
8 2 11
8 2 12
8 3 10
8 3 11
8 3 12
8 4 10
8 4 11
8 4 12
8 5 10
8 5 11
8 5 12
8 6 10
8 6 11
8 6 12
10 1 11
11 1 10
10 1 10
10 0 10
10 1 12
10 0 11
11 0 11
11 0 10
10 0 12
11 1 12
11 0 12
10 2 11
11 2 10
10 2 10
10 2 12
11 2 12
10 3 11
11 3 10
10 3 10
10 3 12
11 3 12
10 4 11
11 4 10
10 4 10
10 4 12
11 4 12
10 5 11
11 5 10
10 5 10
10 5 12
11 5 12
10 6 11
11 6 10
10 6 10
11 6 11
10 6 12
11 6 12
12 1 10
12 0 11
12 0 10
12 1 12
12 0 12
12 2 10
12 2 11
12 2 12
12 3 10
12 3 11
12 3 12
12 4 10
12 4 11
12 4 12
12 5 10
12 5 12
12 6 10
12 6 11
12 6 12
13 1 10
13 0 11
13 0 10
13 1 12
13 0 12
13 2 10
13 2 11
13 2 12
13 4 10
13 4 11
13 4 12
13 5 10
13 5 12
13 6 10
13 6 11
13 6 12
14 1 10
14 0 11
14 0 10
14 1 12
14 0 12
14 2 10
14 2 11
14 2 12
14 5 10
14 4 11
14 4 10
14 5 12
14 4 12
14 6 10
14 6 11
14 6 12
15 1 10
15 0 11
15 0 10
15 1 12
15 0 12
15 2 10
15 2 11
15 2 12
15 3 11
15 3 10
15 3 12
15 5 10
15 4 11
15 4 10
15 5 12
15 4 12
15 6 10
15 6 11
15 6 12
16 1 10
16 0 11
16 0 10
16 1 12
16 0 12
16 2 10
16 2 12
16 3 10
16 3 12
16 4 10
16 4 12
16 5 10
16 5 12
16 6 10
16 6 11
16 6 12
17 1 10
17 1 11
17 0 10
17 0 11
17 1 12
17 0 12
17 2 10
17 2 11
17 2 12
17 3 10
17 3 11
17 3 12
17 4 10
17 4 11
17 4 12
17 5 10
17 5 11
17 5 12
17 6 10
17 6 11
17 6 12
